        3.3745215028471489        2.4397476433183867
        0.1994705362881806        1.2342959303613792
        2.7153480204842166        3.7036420036522957
        2.7951753013234657        4.5570603192296577
       -1.3562023688080349       -2.1272851649421440
       -2.1713230560434345        1.5777551000737913
        1.0561088078497258       -0.1076460659210201
        1.9518621709706683        2.4882241866464989
        0.6109111692415876        2.3982882102215455
        4.0603649202822005        3.8236415546800280
        1.4211319072848045        1.4773006912933737
        3.8914099500184380        3.5984066761873552
        2.9782281378789670        1.6334549873710389
       -0.7578464006394008        3.7687192891392924
        0.9051293760484873        2.9341091256683218
       -0.1234456480129413        0.9257310852915794
        0.2592795267469866        1.8770611971691984
        0.5042230924277480        1.3603731649004902
        1.1862515832749561       -0.7857417024248763
        1.7599699020136033        4.3541423203509950
        0.0009763326866984        2.7353497480788609
        0.1041712289505328        2.7393662065976412
        0.4493278866130036       -0.9873296707704564
        0.1077230786749070        4.6687599239705158
        1.3965685230462086        1.3234938213225294
        0.1861348464553383       -2.0244308597575404
        1.5452383815761548       -1.1573098969132096
        0.6092248506805495        2.9355147984024628
        1.0553311935912078        1.3020901734927941
        0.1298461557431893        2.2086246408178716
        0.5349598986542387        1.5536917051291270
       -3.0135964577867460       -0.0379039143703332
       -1.4196504782923451        3.7129914516654292
        2.4393747730804156        0.7385009168577983
        4.7399793858351789        4.3300883025756045
        3.0654883449415791        5.0511500980214397
        2.4919495001411542        4.2987819688353444
        1.5797552489711588        5.0218058344872389
        1.5111650776643257        0.7992970741612744
        1.3139911938019941        3.7506237744143283
        0.8284273167133280        0.7816659495344471
        2.0999666472238854        0.9681521041255425
        1.4000558673974739        1.9124460926252866
        2.5889361351874456        3.1356026129047159
        0.5504941907711809        3.6208295926951917
        0.6840512550456836        1.2196280545617220
        2.0390434726649262        4.2747346557217645
        1.8328543101968693        2.2046250801917640
       -0.0541011619909746        1.8065352005746584
       -0.0871299852943517        2.2622136965539181
        1.7753398784084609        0.8630367964397052
        0.4308223423468754       -1.3217191394920547
        0.3464576347680496        2.5313474299489487
       -0.1595972637410128        2.6380233540348756
        2.6442871743175838        1.0387985201629981
        1.8945918851971277        1.8444938056214011
        0.2766578799870029        4.6926780213288248
        1.3987089025428268       -1.0375747789370369
        2.5309756047598668        1.1049354850692190
        2.1804195436073970        2.1538261225083031
        1.9535825227063848        2.6207841928204081
        4.0155704985306242        3.3255576253357377
        0.5729339212380058        0.1610158669803416
        0.8785142319034068        1.8348073182031632
       -2.2446362117554219       -1.1123629767265464
       -2.0329184417164941       -2.2907503793368909
        0.9887376829592381        0.7367122994932107
        2.1482586755272184        4.0338853978116340
        2.6129146738091524        0.6299996024950243
        1.5371364322725345       -1.6882347781894604
        3.1618710066904785        1.2237093943356097
        2.0083028347598981        4.0290466986460167
        0.3677496003642887        1.9373266976344523
        1.1910373164927017        3.6810633161262709
        0.0448594761402463        0.2378689796763758
        4.2971821877148360        3.6976956598208739
       -0.1618410959752765        2.2112643517356618
       -0.3388660034825917        1.6172938790697875
        1.0656653710769155       -0.5669252140166967
        0.1549296047679696        2.2284691932151697
       -0.1120803649720543        0.7160262982201702
        0.1259088727163505       -0.6700964846120248
        1.8429156767908168        1.8306569744300805
       -1.3516807457727715       -0.9761144055074604
        2.0277802570905115        1.0162112518804252
        1.7023195533351265        2.8032537399284774
       -0.6593992021881694        2.3295786067845978
       -0.1904821826880212        2.4453628695729863
        1.2486939558142804        0.3860041287683769
        0.4407772459942377        3.4459942793895406
       -0.3643554276039129        0.7163312213415853
        2.5811937546328165        0.5438631789730062
        0.1094790524290463        3.0338625396368633
       -0.3247688267229862        2.3274002996872296
        1.8732277945058926        3.3756620214069821
        0.8653625596989124        1.0739364679394219
       -2.1746098697804586        0.5893614246845298
        2.2604403491381246        1.2792721865478027
        1.6756671186589691        3.7926994816467108
        0.7837316696079039        3.2465537259738317
        3.2516673869932724        4.2877572539109536
        0.9140290566113231        3.3439784762703870
        0.1914632033434335        1.9395348977593605
        3.0018029001936846        3.4682281214214008
        2.1648928619594292        3.3718076543303876
        2.6206028990515824        2.9357586759131915
        0.5367758389637417        2.1602476273341438
        0.8702524114653888        1.1176806916588229
        2.7353340298682278        2.4570250321906371
        3.1947351751973891        0.5088873102776312
        0.3617026092956770        2.8467000164408018
        1.8098425087132988        6.3746689162037296
        0.4035227070465882        1.8913817477277257
        0.9125097875193060        3.8848736465824825
       -1.0043961271447874        1.9785962425831833
        0.8256269007746156        2.2405004254572272
       -0.5119749066641222       -0.2622427403805005
       -0.2372849517337352        2.9213147852987413
        2.6004275597223874        3.7573221551561202
        1.7406641053595835        2.7318240479328595
        5.7073246143257501        4.6303266383301924
       -0.2206931038301916        0.0708071344142049
        0.6389597104658984        3.3701412403510060
        1.2164179639951116        1.6313559026632376
        3.1575796624353782        3.6806412392733310
       -2.6670980886676046       -0.0993555043544347
        0.0012724138066844        2.3381185264404714
       -0.4394809967405300       -1.3367723586277265
        1.1554110513467644        4.1282533279696212
        0.0179423658353313        0.4537410077150830
        1.2723439729021377       -0.3621471012596094
        1.5746672532924832        1.0065521484760642
        0.8628812060963915        2.1406792269046595
        2.1813041972670382        5.3636820223685344
        0.0465577253356313        1.9314779931862589
        1.1740004759326159       -0.4890781386558603
        0.3960665348812473        1.2065210174181891
        0.0310056275197018        0.4470527070449473
        1.7556226806758390        1.9117805433735966
       -0.0851339349261837        0.3129902283448922
        2.9741417590523103        3.3280690442741365
       -2.5113626196508183        2.0672728247469618
        0.0824989107115374        2.5810480016628023
       -0.2372797625079928        0.1114993920166683
       -0.8602635396561245        4.2591018895661072
        2.5580036997041979        2.4393105388523288
        0.1272687189574161        1.6555415724736955
        0.0467942504992682        3.7892261290974520
        2.0556366942162496        2.6388725151321544
        1.3738909630704577        2.4021881721278637
        0.8061392932699945        1.3289690047999936
        0.3545626990813471        3.0174658598531483
        1.2938594692726408        2.2639672087738636
       -0.9280869040008872        0.9300411808447691
        1.8135272431665557        2.0184705995552954
        0.2680351646893170        2.6433477403979828
        1.7319887064702479        5.3720725417190627
       -0.0707921033002541        1.5385437899309218
       -0.1657766684885804        2.7369938962319398
        1.3386920424241171        3.1682609311990277
        0.5800633641771671        0.0207144000952593
        0.7931185294292685        3.9431074625030398
        1.9652937387914995        2.4040756397491183
        0.1425536350415852        2.8464700814293709
        4.0201960115846038        2.8054630074531213
        1.2554961635179978        3.4212896603158409
       -0.4316633849088656        2.8042447903364565
        2.1653928779248162        2.0409268210075209
        0.5958335376145480        2.1513406799422228
       -2.8996724976764021       -0.5580624385968078
        2.9272817221861516        1.5492792790180316
        3.2856218268708877        3.3752930169255735
        2.1243101838688663        2.0173748942947491
        4.0485219672251835        2.3680743427345869
       -1.4740375118119435        0.0100745688327946
        2.9739114591755063        3.1134938339818623
        2.7376542921139952        4.9041690349318134
       -0.4837920634271518       -1.5498373733626067
        1.2902870106705886        1.2777836411365890
       -2.8698092353911289       -1.5793882882893562
        1.6286368166816196        5.6677626121607982
       -0.5941640077720087       -1.5070479480628363
        2.3787010321953117        5.9312151879826445
        1.9295871432628844        0.9847622688484268
        1.7169816473599897        2.5058423144613187
        2.0310119056598914        0.2446733729344359
        0.7343658147170933        0.6000850749064508
        2.7291759767996697        1.9992780108666137
        3.0731111761238150        1.9799929037899173
        0.7016638490299556        2.3725283226877449
        0.2880661995231848        3.6498231707544697
        3.2892133161929422        3.4453462276758025
        0.8964091020982795        1.1441122753957744
        2.4115051040947977        2.4173373354186536
       -0.2566097284235263        0.0256492118734037
        3.4979219714358760        1.6424247964191974
        0.6559611716640622        0.3683419602936715
        1.5411624413616587        6.6739763672350634
        1.0407645542273025        3.8907939684539103
       -0.0157080985889622        0.3069810175946019
        2.5686507011045361        2.1553636076404219
        0.6088961458829460        1.3304508342977357
       -1.7020191102529942        1.6279664553712494
        0.2144068319455454       -0.9796783994318190
        1.4929658567247615        3.4405526338001655
       -2.8858551089263647        1.5460066622487418
        3.0825948499175873        3.5558036575946295
        2.1331820549068672        2.5388046310241394
       -0.9761192927336384        1.6943250886605268
        3.5071504099901385        2.5585022324956106
        1.2302888692928109        1.1574152822097337
        1.5620547941864151        1.2629130747355044
        0.8029208231088045        3.9395615951688261
        0.3011162213542955        2.2722904772928940
        1.1966449229312932        3.4970641782266942
        0.0230634673271273        0.8193439715599595
        2.6062415991868506        1.7984076532358948
        0.7979941581118511        3.5678526095717693
        0.6614894718926403        3.4757293238571361
        2.3089549945927779        2.5204457310863502
        0.5868224127290687        0.5324264324127539
        0.6902721289862688        2.2837507167504270
        0.1643953994430087       -0.3040258368369861
       -0.4543119475214512        4.0826008066429402
        0.1953862988510637       -2.9398551241422846
        0.8818124445483441        3.1981018425157943
        0.6685493039639838        1.0828750206590048
        1.0144670874541335        3.4188152975824662
       -1.9742263067363557        1.1636264629015676
       -0.3938245982424353        0.6618593308899374
       -0.1858990749917768        1.1206896996696061
        0.9670565223003902        0.0824741769122737
        2.7221363824165330        2.1562161808761049
       -0.3606859506395432       -0.6093017536764940
        0.7479344020706878        2.1229045621357869
        3.8777078293164879        3.3396147117012429
        2.1584342782608044        1.3133804092308368
        0.7960126366275057        0.7504505989975268
       -0.7039976849976779        1.4396994572327588
        0.3626184533276547       -1.6848133295971595
        2.0515156900906479       -0.0337794115556873
        0.8584449984438596        1.9735143824844315
        1.8091218393698978        3.8263453970297583
        0.8886065410233844        1.7893161359552732
        1.8519536923758939        1.0630139935896672
        0.3639609457884153        1.0498558572133272
       -0.9799815281674435        2.3766001001471029
       -2.0529274041704118        1.3372686941495679
        1.2852258646367443        3.9028111510121870
        0.1324884340997434       -0.5454357925635889
        0.6513485476968732        3.5857605765078651
        2.0708852932335158        2.4924855190412738
        2.9296121746366457        0.0063912776010824
       -0.2877728865269269        1.5915609141083864
        1.0095887428689325        2.7048999081177372
        0.7288834312112726        0.8306995552031471
        1.7516763318662565        4.7253055038157461
        1.2490375035323318        1.3478733838630088
        1.6725807728043529        6.2136699674511000
        2.4798846492811286        4.3473418237793915
       -0.1462379413507757       -1.0871566305230407
        3.2259505468020722        2.2111974129891223
       -0.8010029092004705       -1.5844141143516111
        2.4393978178347790        1.9223421051542149
        0.3033868418046541       -0.0576650720389100
        0.3510750311853671        0.4017834989057865
        1.9352459656858398        0.1847688188856504
       -1.2729869878583626       -0.6073864133972098
        1.1560462606708497        1.9670599849441119
        1.5131033872849471        3.4573234965448156
       -0.0846038679622563        2.6150281429607998
       -1.7858453796161999        3.6426250108955482
       -2.3079987625212230        2.0725432839269864
        0.0215813652005599       -1.0875669173251961
       -0.5868658699266047       -0.2039335576555654
       -1.4056721172421689        0.9805483298639766
        2.5086201445565175        4.0714360449864397
        1.9323370703018701        0.6715525066633543
        0.8476622466354564        2.8942395598662483
        1.9511592909405489        4.0108731610678570
       -1.0721385206839869        0.8330776950587997
        0.7772173708153922        3.9439653640365226
        1.2517042244567658        4.4407879832869979
        0.1599462432490943       -1.2817481302099059
        1.1997626019986869        2.3476331404930506
        1.7399359781498114        0.2545170472867826
       -0.8035212969791510        0.3821381851141368
        1.3528829428578453        4.5868021921195563
        0.0042721482048576        1.1377851148469711
        2.2841145731142065        1.7536474033553211
        1.4776108614393395        1.1354858469501630
        1.3504255912774357        2.2329134639267489
        3.7159707250202816        4.1932691227851784
       -1.1684178319342169        3.9605421778099927
        0.5403959679781825        3.5912312985561079
       -0.7091531816441292        0.3277526427863893
       -0.2516210632748099        5.2272408279757272
        1.5475080937836834        0.8185825193410554
       -0.7796336587147583        2.0987521593959939
        2.5990774890785993        6.3910339779092142
       -0.6451402488253266        3.0241339865566976
        2.7153024861264239        1.1550993808988492
        0.5816392296532806        1.6272161563754222
       -0.0997035181315691        0.1853466011253708
       -1.3149060889055817        1.7278787552026578
        0.2968100707432271        2.0060740213448116
       -0.4983509657117653        2.4229936569297257
       -0.9384642766108380        0.4919221317795528
       -0.7384360019229486       -0.1132101499740990
       -0.8308013589504315        1.0768808854904373
       -0.0291117837284744        0.3261719822660272
        2.4806367654932684        3.9153874182800026
       -0.5206019306741538       -0.9068609190418044
        0.2803568471998101       -0.1395804289152962
        2.3519905112089567        3.5819567946009307
        0.2154784935615275        3.8984468074179137
        1.5234648815193907        2.5341020341482103
        3.7407586255425604        2.5469273180237404
        1.4309599369508412        1.1653451256480567
        0.5818366629645808        2.2682725838574664
        1.7910972933132228        1.7551339727294735
       -0.3206521235941093        1.3998936579132288
        1.5924815976533184        4.1366962390831468
        2.2756095438351771        1.9743956901253756
       -1.0036922395395376        1.3957017546939574
       -0.1562395118278928        1.0562172964422323
        1.5181527504705201        2.8347276162846553
       -0.0264092059973440        3.3083307970237090
        2.1161005537359912        3.7711365031495507
        3.8832084720231688        4.4168877064249106
        0.3148782924672866        1.4377980761233284
        1.8371659338162996        0.7115603944327580
        1.7106734352530668        2.8231150527613016
        2.7501782173892959        4.3686686042360918
        0.6089723112962868        1.3502231837342991
        0.9944517649431143        0.4565581517125090
        1.2728580031143306        4.0271977445058047
        1.0890134057306535        2.9230778645252111
       -0.2120876404268544        5.2528692642653070
        3.8639969276579609        3.1845445123396519
        0.6568009448587415        3.1281624195446018
        0.1943273757694549        2.8766905850857656
        2.5743023457383440        2.5975395037432900
        0.7771847543035550        2.3415461720548132
        0.6091054655623427        2.8592467910664698
        0.6544500093698629        0.1264170659485839
        1.8572885492223223        2.9768766966151206
        0.0290381274947472        1.4518453305115651
        0.0338913931519164        1.0729087414898566
        0.8355094280957983        0.8796015123774068
        1.6656532512780129        4.8150935970966904
       -0.1848892683317895        2.3953281650580083
       -0.1554882866387532        0.9281201243186896
        1.4228028848915004        3.4171516803075170
        2.4891268168403395        1.0422636411336330
        2.7554950334976800        2.1088228878204545
        1.4928368901667255        4.9721559639377393
       -0.8994675716713891       -0.7965131829899317
        3.6869832002963063        4.3558751859323710
        2.7252330586629681        2.5287998282579274
        2.1980669212732131        3.4214626654154459
        0.7126068299929429        2.3813608472808614
        2.1187632839082529        2.5819080950820643
        0.7057419195895624       -1.1129845878249913
       -0.0388199452319589        1.8746436524491299
        2.5122014420924832        2.3953520540289488
        2.1649337844618444        2.0764880296470176
        0.8120293948237262        2.8441768637808185
        1.4596652022557959       -0.4473889205382235
        2.2035096550256510        1.5490172228185279
        3.9263344379611587        3.4201662671707371
        0.2468588565774756        1.2604122321986544
        2.8414385095150849        1.5908475972644569
        1.2505194256121155        1.3682776786027921
       -0.2414046521152478       -1.0686974699031189
        2.3188488389486004        1.9845198635357328
        1.3079335179118887        1.1405805073056614
        0.0439064951599093       -0.7568225372195334
        0.8805152519381231        1.9032879231708499
        2.2106496283006987        2.5597714354967982
       -3.2847196596161048       -0.0673792418334709
        1.1414188740258668        3.5680420121552485
        3.0924118139999264        2.9932042422362031
        0.4875433477851745        3.7853449550649456
        2.3554508897740236        2.2500746180335121
       -1.1087746296949490        1.8342871518410231
        2.6135993088933898        1.1509893367764765
        2.0529907301967616        3.3123413709846505
        2.8301621361638460        3.3076558800588289
       -1.3581637124173978       -2.1926259880764754
        1.9965795734796097        1.3975122003797604
        0.5194733986117643        3.9992266445282278
       -0.0367792852097906        0.2013070403771486
        1.7218406630818124       -0.8743239686538935
        3.1595876329894659        1.3485012851877447
       -1.2409542948580357       -3.3245459231552070
        0.5463256349225138        3.2061401338702717
        2.0378460422975140        2.5792364371416610
        0.5888767130505568        1.3055761842610076
        0.1790971406744115        2.4393332352794399
        1.9974780765114539        1.0051675680954373
        1.5899776825979921        1.7459385289669676
        0.3288536816160742       -1.3879833729132072
        1.0577358121615787        0.0837904489973871
        0.7943746989586657        1.8459093896153012
        2.2861079135282489        3.7085526870657377
        0.7565454715618036        1.0010674835884275
        2.5351147796946343        3.8423223930842525
       -0.3272623106956807        0.3341100975653979
        2.0724916356990319        1.0637277813229076
        3.0845357414618704        2.2706794703678557
        1.9281771618178638        2.7444636134000726
        0.6791498701891024        2.6433964405981460
        2.5011675965934019        2.2384287158404135
        1.4549662868674851        1.1416448261843390
       -1.6742920846084761       -0.6302545390341487
        2.8925097899785404        2.3866411134592385
        0.1497501564918914       -0.4409410303416066
        2.1378918557986717        1.3891957195268105
        0.4952818912898106        1.6315042254442251
        0.2389040519943544       -0.2116051693510475
        2.4564106473563490        2.5568606742172708
        1.8459605790462748        0.9934685384387201
        1.3329626982291929        3.2605520959551582
        2.3506018861685827        1.4267364039616091
        1.6225330704949585        2.5819776227986901
       -0.5864241631178886       -0.8183707175413786
       -1.4968408683848953        0.1609696855100524
       -1.4614132305554528        1.2762769924178579
       -0.4089520394871882       -1.2239742091201551
        1.9583295662958113        1.3218773886835471
       -1.7335078478808064        0.1788990014418521
        1.3784895750955439       -0.3034760834645924
       -1.4723269564408330        3.3719950129753098
       -1.2450327379902566        0.3907185126623938
        1.3906360921446321        1.5372898072118655
        2.3335853347904441        2.8185166822653649
        1.9016606397673572        4.8156100612426371
        0.3462662423021536        1.1618723573851264
       -0.4104244967014687       -0.8607909417995918
        1.6597630943706276        3.0308570455203219
        0.4630949989050104        2.8598143249030246
        1.5422013946751645        3.6333544090474996
        1.1042439831988136        3.1039600388575255
        0.0308187636772901        0.2070374475104517
        1.8034887946956828       -1.7666309507229974
       -0.6426420488206368        4.7772119759373872
        4.6108422365608366        4.3446444608924626
        3.0166811950525538        1.1646677762860367
        0.4548075832351228       -0.0037391796244579
        1.3955072502338690        3.5683845274007835
        0.6667426811495043        1.7801784920010848
        0.2074970296032201        2.0685155829561079
        0.4908568705872753       -0.7050940164590269
       -0.1405892708669787        1.1769616140010932
        0.7117968286558952        2.6003816966647042
        2.9938578438802512        2.8834812135168488
        0.8288206691203321        2.0928816939532799
        0.9671504965752511        2.3168762353705370
       -0.6888546595092977       -0.3142727345248915
        0.2158988536456674        1.9580445976735246
        3.2882652760547804        1.5731785701886571
        0.6219599510555521        1.7439054116697024
        2.1716599867134869        3.9572482222920748
        2.7136034014755728        5.0786964300517274
        2.8137884790935335        3.9616699711204091
        1.1750624064381086        2.4637602196162049
        0.8756507818186551        3.5539051460022790
       -1.0220014734774083        1.9408101431335454
        0.8666172926558279        3.6971215107632629
        2.8464600277465997        2.0940428179920660
       -1.0372264392749644        1.1059722124721760
        2.4584317207305793        1.0421145507294747
       -0.5267707333557046        1.3997504531689975
        1.5611970530546055        0.9044834400464361
        2.0825158958023646        3.7701564493178217
        1.6149403957151396       -0.1127310953130611
        0.1243615105415868        0.3943052779573226
       -1.7159134126806119       -0.7017892414523694
        4.4182645711167794        6.8053024846026080
        3.0524833646797713        3.2428590773267780
        0.2463694813014580        0.8030037721741150
        0.1612164610925003       -0.5572988923174025
       -0.5968055017757392        0.7786032233438565
        1.5326952980456130        1.4049582276577948
        2.8558190467598976        3.4031773395683338
        0.6783600508790608        4.1868243457868779
       -0.5972366217640714       -0.3587614076090331
        3.0529867184673640        1.9145192442810841
        3.3216436184559974        3.5401404821402069
        3.3102973921335539        4.8225038502994657
        3.1863308641364840        3.2166159066038444
        1.0012901724516954        2.3332358561655138
        3.1319644354642349        5.0260117970068272
        0.2452533069582581        1.2783019775254632
        1.8592700350914479        2.4681440004418507
       -0.2227251496454790       -1.2802749891074576
        4.5995251331489726        5.1921135739268296
        0.9810294496384304        1.6805971214706821
        1.7349194719905638        0.6147838250601712
        0.4396773390305646        2.1765428283073951
        2.2016105018541317        4.0391449237435220
        3.4869538744505268        1.1988728507387674
        0.8823720618414672        2.3283472638351652
        0.1173624829583882        2.5990121992855739
        4.7512434537600994        3.9979842349873405
        4.4111327512585667        5.9518961346074803
        1.8070685310128134        2.3562907168883021
       -1.2285701179831827       -1.6935039575684554
       -0.4728433474213887        1.3033310011308712
        0.4996990523333860        1.8506586859085923
        0.1316568187194921        3.0449913112758011
        2.6810983992138597        3.8786818565089738
        1.3162294758551794        2.9508094076046500
        2.5559688784620205        3.2306665482635264
        1.3931361725703435        2.3063668128526094
        1.7781515912870427        2.9668145010041638
        4.3535063146668778        5.1383213133413967
       -0.5032152375924308        3.1875376279467336
        1.4785584026049281        2.5582320283713167
        1.0119995718647790        1.4525609961910773
       -1.0052889725035499       -1.7591175770322414
       -0.0876099148084890        1.6481535387732793
        1.2330992709427440        0.7712276986451252
       -1.5544498242472953        2.6994274663384665
       -0.2397576678916582        4.7778251145806907
        0.2156429119441099        1.7576100188416968
        1.3373993138010494        2.3058809012088877
        0.8050138625541272        1.9791787680475434
        1.7624218225037271        2.4057341794187952
        0.4881070091272206        1.6274418923965894
        2.8606272236825614        0.7802001806221868
        1.0561815563076853        2.5313589229738831
        1.4782115987370466        0.7639429493661845
        1.8764893564134864        4.4951205582200755
       -0.7633537323399096        0.9322149132944442
       -1.2086223918405024        0.1664810197257931
       -0.2740918745451677        0.5983257382296499
        3.3248064470640060        3.0670099932754065
        0.5772783091518151        2.4662794913838164
        1.0167195875406954        3.0647079473505361
        0.4255365201778482        3.6945784220246476
        0.6949083684413342        5.4435843693148369
        0.2160808896075008        2.5564551981790915
       -1.3274799995139261       -0.4039382137812551
        0.4124565044007908        4.6193350865514873
        1.0417337654983996        6.8093947865073936
       -0.1295914704825838        0.8988281957395907
        1.9025624752146633        2.5327690779259275
        1.2504487728079630        3.8558669428043828
       -0.1752720794425393        1.8727353239524902
       -2.2421361006571394        1.1422815375893522
        3.1855156961623505        3.1968329612549389
        0.9402512347711137        1.1172981818223680
        2.0651969326278259       -0.2887211770946587
        0.1676106887936321        2.6092167285274233
       -0.6180902334376430       -1.4787532635428620
       -1.1262659930170842       -0.7084535742931442
        0.6996607455288146        2.3370387994336324
        1.2392745283610394        1.5527612228206440
        2.1685628985524996        2.9134737822916397
        3.2443892929162823        2.2744752371164059
        0.2246647382327914        0.0613285163059036
        1.2369644551332977        2.2333098411973276
        0.9311078595825282        2.2001539549461189
       -0.8659893199092989        2.2437575428659429
        1.1147730803111611        3.2649369589133883
        1.8522802575118864        3.8277461744700672
        2.1846822095626663        1.8520386570816327
        1.9755580846869094        3.3502008444652187
        2.2580391844370178        3.1478011859830639
        0.5971133944030024        4.5932626127243470
        2.3566216990231030        5.0363069450745757
        0.0161976168824596        1.0418820262804047
        1.6230970086918712        2.0226976332130233
       -0.0064766391178905        2.6063113782303908
       -0.5354600491931685        2.2720505581078658
        0.9616135077581990        3.1361735353971678
       -1.2880351947156763       -1.7822148532221220
       -0.4127610141133276        1.1108974860281735
        1.4579925121728006        0.6363545675875701
       -0.7504934693582108        2.3545410575347017
        1.8522253783218043        2.1660070600617893
        3.5583094807619786        2.1941002453790555
        3.4131140641861397        1.4359870326649733
        1.7696362122702789        0.7158145388563741
        1.0068203421550050        0.3236381685118888
       -0.9289832354420708        1.1813870651181970
        1.4651311283861168        3.0010851645087375
        2.6464152714888249        2.0937393097206223
        1.7596894054866064        1.5146364018452179
        2.4965403025073440        4.0908612896742174
        0.1356509472880308        1.2634072655207400
        1.6788315124140394        1.6394049700253261
       -1.0345532457457169       -1.1787501705134265
       -0.6721567321705866       -1.5262945456555630
        1.4517023067129311        3.3995248757462657
        0.1527752736586041        1.2650990089122209
        1.2281956801273379        3.0718073272499558
        1.5314396361535514        4.5281881205398946
        2.0003818100086925        2.4491647547757966
        0.1011831171198492       -2.1850222283121274
       -0.1056858088261661        3.4966970560330397
       -0.5791699407882840        1.4858403410082890
        0.6088528976948747        3.4670386049403596
        1.9726386464219869        3.0054087653729891
       -0.3423814270765204       -0.5749056998521422
        2.1367378042835377        4.0954315092766782
        4.0976915094213613        2.7395976099921828
        0.7940904589741108        1.9286108687673427
       -2.8369163288134707       -3.1336376544166367
        0.5371399792419331        1.6432445351479679
        4.2257632857285383        3.0200581923704473
        3.3505188105942834        2.1719294782438019
        2.7722247710082284        3.4345419510377355
        0.9640644758820991        4.4301681066467227
        1.9570999375030760        3.5021006334014144
        0.9389312135094492       -0.0303835702360535
        0.6182052490296546        1.6787237880365056
        0.2275003998198252        3.4271182993389346
        2.0171152758039819        2.9575303797101640
        1.7818096712760592        2.6402982273714830
       -0.0739011630014601       -0.1412636677057479
        0.0766795452650418        2.4282920151607046
        0.3804923558224170        3.8632916089456510
       -1.2684598177039708        2.9623759130305247
        1.7531174680500636        1.3083108448550167
        0.2531093297814657        0.9623681804230697
        1.6081307663997659        2.9729754848480878
       -2.1598712437907137       -0.8626074702441286
       -2.0532729314874389        0.6171618246863813
        0.4843150054462050        1.2278424248823567
        1.0576218609401207        2.6459924704498610
        1.6011779521009448        0.6845612122055713
        0.6274388195133058        3.4105961433877727
        1.8322598379776376        0.0645186517254435
        1.5785944068100437       -1.0008313848558186
        0.7542940596314885        0.1820410471537792
        0.3667060598170012        3.4305683164249330
        0.0666697238978147        2.6100734831011696
        0.1689252670176001        2.5885241367802942
        0.9275585144017149       -1.8699867882072785
        0.0348480109065273        0.9824515920667534
        1.5994184810931027        1.0021533053978373
        0.7639248331913431        3.6815896696816601
        2.3445855469097783        0.6733537437969213
        0.6546102280790151       -1.9051570256591903
        1.1750830154884158        3.9758542367248690
        2.7940375522277829        3.0091632766201339
       -0.8638597017341068        0.5759735598607494
        0.5483043548929896        2.6703121025583343
        2.8194066786031220        2.8768520762947034
        1.9281910663221327        2.3564870884155198
       -0.3703128795722543        1.6077731501420083
        3.6323694317311133        4.1426862269623976
       -0.0873708921131877       -0.5551850353511893
        1.5534630901109567       -1.3454780261971018
        1.3719335775521453        1.3619069914831949
        2.5257639518679662        4.3845891506872166
        3.0478887010690947        1.6860612035947617
        1.9410253348710711        0.8043856940517782
        0.2452886669372927        1.9057977021463386
       -0.7601144911711117        0.9375002091358569
        1.7528523423724895        1.6758927283124745
        3.1106557343178922        3.5487953726115720
       -0.0441359896217963        3.2011515723401760
        0.6699508038766424       -0.0958483915504389
        1.9678064756691880       -0.5303565002129602
        2.0899494339952058       -0.2724721448145235
       -1.3950692179277810        0.0232013419714792
        0.2239955006161586       -2.9809462445828547
        1.6620768877540852        2.8615458301077270
        1.4946058235383739        4.4390019573626498
        2.1623613521810610        3.3090316192542693
        2.2089716692238559        2.1590656120122955
       -0.1607194987561704        2.7410602586918134
       -0.5253491161435486        2.4082514761550713
       -0.0309808015487354        5.0229675303126635
       -0.6477357916902513        3.8504619143063450
        0.3051970799714819        4.0610198048599697
        1.9325594351011366        0.3889418146360091
        1.0887658184944109        0.3168831374012697
       -0.0239751596399096        1.1566221703495785
       -0.1958429685298220       -1.1315813247254916
       -0.1782996423486034       -0.1662952203734962
        1.7638864206435065        3.0449567058705695
        1.8673799046438257        1.9985925262861164
        1.4770157372585977        2.8711618151340339
       -1.4664022840010094        1.1140598265999309
       -0.2852012270065105       -0.2070405212117308
        0.8631904461591149        2.2390118432993518
        2.0388686656011554        2.1157070847759831
        3.6635022580966656        3.8665259476222489
        2.7577428639438923        1.4145883766345295
        3.4506857684923431        1.1708846753556781
        4.9982644874039917        0.9801170362855451
        3.9976402986517163        4.1337186282107048
        0.3187828520994345        2.3931033061813900
        0.6322077263928585        0.1351568643439391
        1.5539323269696603        4.0399229283227260
        0.1603442940100508        4.9065198894621016
        1.7163829143017466        3.9485554974049704
        0.4886839676281068        2.6535783952159777
        3.6014999712450568        4.6332031130122910
        2.1919856468470185        5.7779672934007840
        0.7284015998116997        2.8507614404188244
        2.4835516692151822        3.8287984366214340
        1.8989192704265188        2.6054838742961328
        0.7669541579212447        2.0958950150217972
        1.0459640082556794        1.3908168262909895
        0.1072807951555328       -1.0125005445912358
        1.0550217198965395        6.6587296000837455
        0.4262446890188710        4.3830434290275733
        1.6019807578017731        0.4882955314595259
        2.0363253347692196        5.0133495578684428
        1.6523077320820065        2.1875212354757942
        2.0616997555523384        3.8895475472007934
        0.9412711845882150        1.8644127849118370
        0.0207704366099123       -0.7830446077145794
        0.6034162356791188        1.2137887720037606
        0.0678759191741239        1.5063321353074062
       -1.0127797967691734        1.5633711207891556
       -1.5728066095340512        0.3045852224713927
       -1.1099192867695340        0.5310329389267037
        0.4295949947667581        4.3658741001987060
        3.0876583049646928        1.5805430546645272
       -2.0612924491820617        0.6149840355913967
        0.2609076941594854        2.4884408469321344
       -1.0090912224966924        1.3407737954073298
       -0.3122741056005494        0.0788629038730913
        0.4714925939832507        2.5959547382669017
        2.0599950918884793        2.4479522926634383
        3.3352689553894228        5.2176142204895077
        2.6738974238468964        2.9901456287764185
        2.0301409033276050        0.9801162485752961
       -1.3987672511815781        2.4408718735295230
       -0.4345817699213841       -0.9459571627385861
       -0.2488368294997081        2.0632570823145846
        1.3545951809498407       -0.1171750814732593
        1.4262231445204328        2.6752695070405346
        0.4612336304627450        1.4711815699151920
       -0.9679980707800764        1.5913928280749787
       -1.0830072332790612        1.6039887476206482
       -1.0038372171071281       -0.3805317579105747
        3.1084679937190742        0.2952830163869413
        1.0256632497788325        3.6566813941692056
       -1.3569505534889803        3.4038787521440925
       -0.0716129599521325        0.8275254729211008
       -2.3302400889714159        0.1407012430413312
        0.5140521972888676        1.1516121114859099
        0.5053322664212172        2.4264694277131902
        0.5345414045725390       -1.0050900667794012
        1.3982502535370003        1.7210569252753620
        1.3873222966842080        5.4851818851934908
        0.2515633868210901        1.2244516271884116
        1.9952725436318133        3.0205075996412414
        2.4306905665508491        6.9454708813384638
        1.2942972437099125        0.9158031180720909
        1.1946257763243979        3.3886342996226224
        3.3973695484532782        4.1327152912852627
        1.4873953697706113        2.3456461189391473
        0.1524678992609140        2.4241363258966939
        1.3809494304610495        2.0143684961812909
        2.1048120640934531        4.9100847580664908
        1.6209390104445152        1.7391020639060821
        1.0800516990511821        2.2039381281270582
        1.1860532906237455        1.2469946363232265
       -0.8851538742533900       -1.2635511254956651
        3.9120606256270549        2.9693213780337162
        4.1447438760887820        2.4110066381020845
        0.3731627508016172        3.0750709929149185
       -1.3971208677126477        2.9853138209183276
        1.1552476177234583        0.3905390093735945
        2.4232179908690723        3.7375997421488139
        0.4755712660263429        1.8301846406864652
       -0.8133255238574415        0.4159719394822963
       -2.4846728131494338       -1.2561204439743898
        0.2256993064902925        1.0955341061633475
       -1.0809096672700118        1.7549292793361659
        0.2910323152625139        3.8592507068476953
        2.6586030477011970        3.2412999707111569
        0.1490327130147753        1.9998826109476318
        0.3417857001842206        1.9782591513514516
        0.6667011813021428        4.7422385430592051
        2.4478633368626239        3.2462324679589081
        0.6725856867056377        2.5996996245519779
        1.9570653696775362        2.9486994496903072
       -0.7798378403975177        0.4565386818850865
       -0.8529583548068080        2.2182209382229030
       -0.9300779916332882       -0.7644921900162793
       -0.0466110483628008        1.7174987073088368
        2.1188649563333364        3.5183044547408748
        2.9574926326947732        2.9023208772834246
        0.6230269111814876        0.3457431541828526
       -1.1736573966288346        0.9735656096878365
        1.6333282370314168        6.2913843781589218
        0.7681434833545352        4.8489846407636925
        0.0343344079555695        5.6540194319000676
        0.5459982228500512        0.3268779743975703
       -0.6861913325954891       -0.4716501134837907
        1.4647321304501362        4.5248388276735465
        0.7659474549174817        3.5768919024407548
        1.8848246455706166        1.6883714405921173
        0.3788183305603943        2.0606901602195085
        3.2819430330505717        3.4169408552993978
       -1.1182371519738283        2.3310194933539901
        2.2709298492014947        2.7895208250473198
        1.1682644841727654        1.3109441196166352
        0.5735540036078416        3.0851996356973133
       -1.3780478061560735       -1.3737957617066039
        1.0684358087236916        4.0333547926881668
       -0.1033108091308119        3.1191436317328516
        1.6236701803298232        2.3348190032402365
        0.3180045564161650       -1.3893455641941506
        0.3459803041646873        0.2994443336285855
        0.3000888054152685        0.5337696704494315
        0.4826193328294041        2.6645494969349919
        1.1108380373954354        2.6793984208974000
        0.6794905520173964        4.1289420070340812
        0.7919323733349424        5.2900770265259975
        0.5144588715614773        2.6699411332569092
        1.6383866686472470        6.9423629729166416
        4.0502868762675490        6.1961628820854227
       -0.7435498253849802        2.7574768389683939
       -0.9398016222745478       -0.4346545390668415
        0.6570866526164136        3.8150728942231549
        1.9746104912365765        1.8317993571481084
        0.2896716435445088        3.8784238839540475
        0.4856008208253444        3.3728616596027923
       -2.1833444346049817       -1.5172812275409822
       -0.7382254212262374        3.9709879160854835
        1.1857990353230285        2.5953368906962808
        2.4271700240970651        5.9880223674140813
        0.8280767390360332        2.7887051742251119
       -0.5837976051772997        2.4640286052195290
        2.8976779865472171        1.6773385186920722
        1.5490072044389920        1.4675752356983305
        1.4349919440029242        3.3423888868207294
        0.0929465198263928       -1.1307979505223393
       -0.0918415746348866        2.0131752324882584
        0.6381792037893644        3.2467510715106958
       -0.0309964292521847        3.5447057140392983
        0.3967337650656096       -0.8446819438995394
        0.5999988868462404        2.8531712244211351
        0.3891384579431536        1.4097119281893451
        0.5483994453233034        3.5722524720153270
        0.6210461162950802        6.0717276942292147
        0.5358320277997781        2.5419324201747253
        0.3630172427028787        0.3714447989920338
       -0.7241810544038148       -0.1729186814110655
        0.3651081265601384        1.9063206637659702
       -0.2897172586715597        1.7690596902728264
        1.1264395169829433        0.8918839899773829
       -0.3188180718549791        2.3829543876030197
        0.2117890543349489        3.3999050489298708
        3.7441981437502063        4.7214988344902471
        0.8983810218704957        4.2151467602576602
        0.0279470934607651        1.0495369383812541
        1.8800699219987100        1.9523121906075569
        4.1262817530679241        1.6848290505251262
        0.9328022963404885        2.2434482152137694
        1.9211690218419684       -0.8069938168289803
        1.1638024149103012        1.8768697479361507
        1.7355382229927003        4.3286403700573128
        2.1518481363730153        3.8050167520109506
        0.6197544978035225       -0.0372875833453907
        2.9866091779915269        0.8707371476861634
        1.9129032346465786        2.0938973198863429
        5.1504287672516158        3.2539050680958486
        0.2188220426402729        3.5367136278786333
        1.7101570422557286        2.2197969935636577
        0.8539477647258139        3.5909072585169213
        1.3935935910342256        4.2407577778510888
       -0.2438824083892346        2.5478620241081282
        0.6603935696541150        0.9261143500217253
        1.8635120341218223        3.4070649905372967
        2.6872983827143653        3.1261803868605522
        1.5540036757998590        3.5733895494568033
        2.3909824025265913        1.6249303102715613
       -0.6889226558291384        2.6431522684023934
        0.8511902875603536        0.3709810592186313
        2.1483143641357483        6.0228074649193193
        2.1986754452906734        4.0483457698516920
       -0.1410140328086167        3.9072647063158179
        0.8814140971618768        3.6176751433449770
        0.7815482548105230        0.8422763250464163
        0.1944679890482399       -1.9070881745768058
        2.9696094504615940        2.4445716029795244
        0.4016214705482135        3.4993431772889574
        1.2073958663643773        4.4509277369000921
       -0.6072668310326241        2.5786572941955326
        1.4871483335394036        0.6560233392919181
        1.4457356987793792       -0.2196632413518493
        1.5564049298972398        0.8683666128043479
        1.6313360374462094        3.0815136952479176
        0.9212139657421334        2.8525900209379751
       -1.4425552500507504       -1.9494086829634947
        0.6519734420534176        5.8522033191388569
        2.5052154680864120        1.7360851235955506
        0.7527432503227838        3.7253419771637568
        1.2695151083911664        3.3270470217881778
        2.4283516776519329        3.0824141971848489
        0.5483095844921657        4.5182567517785746
        1.7480420165326844        0.9384567036617253
       -0.7026344981470296       -0.3516570599554614
        0.5740230305733016        1.9725136564662793
        1.2930813414187416        2.0321622873227541
        2.2028724390258256        3.1044290959994738
        1.4485348512473393        4.4044419880732910
        1.0869713408338029        1.8772905877316350
        3.2145664806843008        3.5394775290742322
       -0.7980599360948153       -0.5059894927604693
        1.1882470568889960       -0.2125247263945349
        1.9502023703226063        1.4428234875598382
        2.5680059919509421        2.5850786042177525
        0.1489549208755019        2.2237863325792513
       -0.0843826352817796        1.9962989658650123
        1.4984847845330784        0.2366748711536297
        1.4265659733706273        2.8408480641532132
        0.7205617588415454        0.0054194274024801
        0.3343410282055148        1.5575862521006973
        2.0611595205593920        3.7559414864862166
       -0.3491825643621509        4.6427406584227509
        3.1481862662445650        2.8864682568068787
       -0.4424400732184670        0.1389996290113267
        2.6685816688271995        0.8580605445992784
       -1.0964798833145761        3.7535074472101444
        2.4279378879962255        0.6795791410526735
       -0.7013082888631088        4.3383542429787028
       -1.0162154973837687        1.2627706965786971
        2.0797456026713945        1.4891981673319514
       -1.0138561999714062       -0.3211329904064408
        2.0423140806622739        2.4032543939242768
       -1.1983438584213792        1.3844574492015578
        0.9529706986660406        3.0539401220639655
       -1.5881609606614049        1.0127071190689210
        1.0793255105731621        1.5869929989958500
        1.8422185423512718        1.7908577691340599
        2.9711881116408625        4.5408643824599721
        0.2506347316979233        1.3368313973743551
        0.2136667396371227        0.1004701422073748
       -1.6137637502110862       -0.7748285980542766
        1.5055039234293148        1.0426213247360561
        1.0720111714868348        1.9062946937333098
       -1.2379713605645297        2.5795513743460914
        2.8934586503170441        4.6374395034243845
       -0.0846895149221387        0.7717946535360785
        3.1153631270468254        3.7053950278804284
       -1.7672299224921022        3.0726314226257436
        0.4374689656132641        3.2295332660752054
        1.4376409718692338        2.6238384378754036
        2.5599816144674046        2.4935439898124185
       -0.4709192979663694        0.9182490421595799
        1.2257836828486530        0.6635384438288043
       -0.0468777329576846        2.8785248195738351
        1.6061395393093423        3.9587619522780191
        2.0532418035310291        1.2142143477988099
       -0.7747668531838183        0.3399521332289837
        0.9427379074816887        0.8819305952827088
        3.3637967302991192        3.6024121667495956
        3.7668699075747969        5.0441176774216059
        0.8844338365311187        1.1619746004446041
        1.4504530476908879        4.7276084915564827
        2.6568071489090892        2.9835296370458662
        1.7187579832778388        0.6469845362687339
        1.5234001940713264        2.1262205724588688
        2.2939937780449773        4.1031984170596516
        2.1144030077904303        3.5436755883535658
        2.7054780941614078        1.6778301720850961
        0.5886703330848542        0.9764971919538670
        2.6278563667748518        6.5502196231010839
        0.6213693615508789        4.4138930812888617
        0.5889046488042813        1.7584076248314451
        1.3432387526989764        2.9989852629852201
        3.8305409863447801        1.3657315588438961
        0.0790091116404539        0.6565356737300585
        2.4289412825266279        3.2226264295130318
        2.0438093104824127        2.7659262062790200
        0.6689046275989163        4.0077355726536235
        2.2513304901583018       -1.1639589672295205
        2.4286490936361673        4.8431547340296870
        0.3906809555577269        1.7545590847427945
        2.2719966165062075        3.5793061450543369
        0.5895535067901703        0.3210904612514918
        2.0458378469389480        2.5030608675779034
        1.7524031871995458        0.9440301289906148
        0.4835911935021694        1.0264920237695045
        1.7116079729499496        3.2881907071520620
       -1.6039272996924976        1.1394791227667385
        1.2538010526788610        1.8033592971361034
        2.5224835890603963        0.1702808901812527
       -0.0008152882803376        4.9265473293470539
        1.1106241976829379        1.5820979589508262
        3.6888768121144055        1.4888465215631614
        0.9502241723460559        3.1311129686547288
        0.0072575322202486       -0.2454410697246354
        2.0277834251652438        1.8350542203665301
        2.2416189747620372        2.8066475205070498
        1.2681633388348419        2.2048121017001918
        0.1509591881591961        0.7016635591504130
