        4.6790402567364904        2.9304865822908894
        2.4339401876697422        5.0977882229541356
        4.2129342173793098        4.8515922726068590
        4.2693806289844263        5.5968335394112838
        1.3339133271680321        3.4674521388680422
        0.7575359617384421        7.9243428989110889
        3.0396749185148342        2.8932206985558921
        3.6730681958483085        4.4734893789094983
        2.7248726492867816        5.7960960582720400
        5.1640047880369710        3.5539200351415485
        3.2977852274151096        4.0493337645856506
        5.0445355828482938        3.5127359910833147
        4.3988185310282537        2.5637913880688399
        1.7570148898235152        8.5668285927743373
        2.9329163384684867        6.0073321912632638
        2.2056039639955340        5.1375287773720189
        2.4762315303990858        5.6594086054913930
        2.6494327866999643        4.8998420818179893
        3.1316997575404524        2.0975422554498961
        3.5373798712114950        6.4881807385658403
        2.2935835902769108        6.7649204718473008
        2.3665534012089107        6.6603150942213221
        2.6106160144137274        2.6765433483987739
        2.3690649382347715        8.5311728043962951
        3.2804162918511075        3.9257235280084082
        2.4245104309571390        1.9456425357285330
        3.3855417569756776        1.3590590718403330
        2.7236802419970307        6.3198367342780903
        3.0391250621994885        4.2637333184154746
        2.3847083160504661        6.1176516126585403
        2.6711669908147329        5.0553504710090538
        0.1619587277526850        7.2402108387975215
        1.2890487386982099        9.2085598387534979
        4.0177916627140098        2.2608525841345504
        5.6445647852219540        3.3313784277281426
        4.4605208151699696        5.7926597312314065
        4.0549676087376900        5.6647281646697598
        3.4099488679760017        7.3263731317930656
        3.3614482927221929        3.2959193245940197
        3.2220253023702496        6.3707435154771286
        2.8786797921816225        3.9966766357090000
        3.7777938753310405        2.8408630269556823
        3.2828822166902198        4.4942806807028495
        4.1235475160633879        4.4326071597439203
        2.6821513941115556        7.0474406086304118
        2.7765904999354238        4.5740082193025975
        3.7347146854689881        6.1175871987140180
        3.5889169304806505        4.3230802746546972
        2.2546379202995626        5.9204004829880983
        2.2312830153671324        6.3978654419213434
        3.5482480857469758        3.0800731168720237
        2.5975306185736002        2.3711099482881584
        2.5378757617517924        6.2034445376605749
        2.1800409113633643        6.8391990011932267
        4.1626866111780298        2.3371586643246749
        3.6325719884173462        3.9082618879672184
        2.4885198818209564        8.3767793508504873
        3.2819297687074793        1.6294666724504361
        4.0825632319568772        2.5205623887619453
        3.8346826639299199        3.9082649883798020
        3.6742846682266599        4.6004753115292596
        5.1323303486571019        3.1170839768430647
        2.6980186796926455        3.6623022609955531
        2.9140965895612427        4.9672396574685820
        0.7056957321843105        5.3877208479495602
        0.8554028030765304        4.0201858336369325
        2.9920363392486045        3.7844360781055828
        3.8119414960215798        5.7687408631630719
        4.1405029033257401        1.9729586900487699
        3.3798128136822578        0.8517333174622204
        4.5286736488814254        1.9725864631548999
        3.7129777719483430        5.9112008898548716
        2.5529314550096838        5.6039078439335439
        3.1350837819516699        6.4324428114251679
        2.3246136585926971        4.2922341767943628
        5.3314598837406564        3.1825419235264123
        2.1784542823746715        6.4269207483496995
        2.0532787698373278        6.0359598535704402
        3.0464324291776181        2.4369380579226623
        2.4024449929514353        6.1105576740572651
        2.2136404327038499        4.9218299039077875
        2.3819242365227380        3.3248358744806930
        3.5960313910272346        3.9491547622227401
        1.3371105974782360        4.5811713494331556
        3.7267503893583536        2.9634599479309980
        3.4966149187231750        5.0419610335104741
        1.8266275714371987        7.0650487360402288
        2.1582019757395381        6.6844857148804842
        3.1758531825963852        3.1703494101377618
        2.6045697984487091        6.9929367915530598
        2.0352550251926016        5.1873892917934672
        4.1180728262706827        1.9226228623779584
        2.3703065991839090        6.9408656471511687
        2.0632469791196302        6.7110739025073141
        3.6174652950156894        5.4184037513010610
        2.9047969529615019        4.2418088773990545
        0.7552118334564955        6.9674789717930841
        3.8912659181567077        2.9744107609524315
        3.4777688014285326        6.0313277775267871
        2.8470751970238561        6.4385500241768501
        4.5921692783195365        4.8551855861275861
        2.9392093629448617        6.3962019992618000
        2.4282781482452931        5.7914156032436050
        4.4154884053258519        4.3216622919591643
        3.8237036420473172        5.1079777861803333
        4.1459392995299513        4.2051423780054069
        2.6724510545218125        5.6427687256601899
        2.9082546003045744        4.2791690178807098
        4.2270664601436021        3.6193684677299043
        4.5519121252907189        1.2435116007229170
        2.5486555866192941        6.4938102033164302
        3.5726451296042994        8.3988773231726270
        2.5782268613288477        5.5216530458101163
        2.9381350774674493        6.9233314074818555
        1.5826779063118674        7.0867941117666859
        2.8766995990812161        5.4170198794808231
        1.9308722905139020        4.3918296156307832
        2.1251074203690057        7.1961313399412878
        4.1316731802775379        5.0245847221308182
        3.5237286114812290        4.9322415130490436
        6.3285811560360870        2.6059412053475177
        2.1368396285340170        4.4091416710781655
        2.7447059629888821        6.7108525965417396
        3.1530306099115295        4.4142666699886650
        4.5256392102582383        4.3642454280817118
        0.4069700742269098        6.8161672813933265
        2.2937929512446344        6.3786606334261595
        1.9821332258156008        3.2715940987087455
        3.1098922082786276        6.9043915556833522
        2.3055803873661453        4.5302776142114478
        3.1925762700543872        2.4185805923640120
        3.4063511117289620        3.4305161501921724
        2.9030423710026376        5.2808616437721954
        3.8353082085316537        7.0260199456573895
        2.3258145021148984        5.9359532954882299
        3.1230369164616394        2.3986614126378902
        2.5729545514290408        4.8640847160216936
        2.3148175082875779        4.5100434766458424
        3.5343059215242429        4.1197613137144469
        2.2326944361180536        4.5019076860549809
        4.3959290248494280        4.2145694458204694
        0.5170916804399468        8.7575027387228594
        2.3512287580180842        6.5292817509415908
        2.1251110897057175        4.4661187330435359
        1.6845950363150646        9.1509726279429309
        4.1016749811745683        3.7886170840503133
        2.3828857930211664        5.5829881034612097
        2.3259817506620273        7.7406864104404915
        3.7464478649496602        4.5107415627867953
        3.2643808354114894        4.9976244032169648
        2.8629197796655967        4.5518699307559158
        2.5436069076896781        6.6672332197648210
        3.2077900234385641        4.9474811960166338
        1.6366366754639969        5.9877836464588556
        3.5752506303230689        4.1625353063700805
        2.4824227013617217        6.3947236130970211
        3.5175941780970819        7.5066200772919593
        2.2428356425153844        5.6775711864557543
        2.1756714123626630        6.9418559894756129
        3.2394914399320149        5.7789492023801508
        2.7030599571410092        3.5184893361065619
        2.8537127092575907        7.1054491526625583
        3.6825657485363852        4.3776078596933239
        2.3936938608341496        6.7240183816459131
        5.1356010803040384        2.6068981501341209
        3.1806630697907234        6.1122701750511856
        1.9876611121544550        7.2867722893591873
        3.8240572067271441        3.8143727027629191
        2.7142111537190692        5.5720165559664965
        0.2425151324863353        6.6150373813405308
        4.3627939750147160        2.5355758815600975
        4.6161786930083899        3.9329358725124495
        3.7950073551707693        3.8346875149496285
        5.1556305556210811        2.1521485183742444
        1.2505912984878815        5.6680053772490018
        4.3957661782448332        4.0063310524559039
        4.2287071333117154        5.9945656015099766
        1.9508005700798812        3.1111732156649081
        3.2052639137355450        3.9930649530595366
        0.2636316477566045        5.5913198990264901
        3.4445133559790979        7.9025843828206224
        1.8727558197808887        3.2688015813348357
        3.9748888490941972        7.3698736917796861
        3.6573173727050161        3.0361526844611353
        3.5069825848345504        4.7375801431344389
        3.7290355099761743        2.2104383234524869
        2.8121682662714926        3.9191574105434803
        4.2227120590599183        3.1810980997640490
        4.4659109707907687        2.8007184861583050
        2.7890444845759879        5.6756428716190630
        2.4965867819269336        7.3515494361271223
        4.6187182594625735        3.9972229429723076
        2.9267501736244901        4.2773465205952013
        3.9980848307848551        3.9213088845509940
        2.1114427397267388        4.4030321326334274
        4.7662975648771777        2.0260568100501342
        2.7567278114921838        3.7764377897990631
        3.3826596320102964        8.9721961534471220
        3.0288248927261723        6.7942257708385085
        2.2817859157816507        4.4230690193395485
        4.1092035480640492        3.5015400554354263
        2.7234478126056372        4.7607076330073701
        1.0893839642444663        7.4796626154978076
        2.4445017436148722        2.9309929662654217
        3.3485795001835150        5.8812904946196545
        0.2522855017697774        8.6448150570771816
        4.4726169408409060        4.3217989660445877
        3.8012807153435526        4.3319782587580153
        1.6026726476744801        6.7808645867635207
        4.7728230563586598        2.9064110013160387
        3.1628388211087293        3.9392025317849182
        3.3974327563676234        3.6928573563356588
        2.8606439775895725        7.0916970475416443
        2.5058145408583443        5.9994214358228799
        3.1390489584906236        6.2477735632273550
        2.3092015529581387        4.8801114647169417
        4.1357843270089463        3.1151966371835966
        2.8571602993615923        6.7357261601027254
        2.7606369100722468        6.7897519442846122
        3.9255709529445539        4.1293184260699372
        2.7078393262064280        4.0085599895974822
        2.7809893220837183        5.6013650577554666
        2.4091383205554751        3.6400409231010427
        1.9716461599469675        8.5526332744789109
        2.4310521956819811        1.0464916590776148
        2.9164287780882732        6.2883439980136986
        2.7656289652039319        4.4574394826789616
        3.0102297756428364        6.3633042462000224
        0.8969044097233025        7.3147328865697245
        2.0144171747981590        5.1654509405907962
        2.1614427222704604        5.3926186717334010
        2.9767054435227380        3.1715779146680578
        4.2177343141348000        3.3409807149497373
        2.0378497372375151        3.8955503730933279
        2.8217627064003414        5.3844565345420818
        5.0348467203833085        3.2757021491200424
        3.8191367337171584        3.1148079195696550
        2.8557591520829448        4.0004314154572160
        1.7950916818119635        6.2473397378309858
        2.5493031861448148        2.0900441390491804
        3.7435338749871492        1.9183351421891910
        2.8999054984887809        5.1231094454627080
        3.5721355394245871        5.9236925668737559
        2.9212329297778097        4.9124286794608132
        3.6024222331359121        3.1938121071067846
        2.5502524716675103        4.7456278800477447
        1.5999416348086977        7.4478217623919729
        0.8412543300408584        7.5661960162914834
        3.2016851430544380        6.5488545326201466
        2.3865766889941682        3.4390374802440387
        2.7534661938059211        6.9073209547777656
        3.7572302527183634        4.3524787976911075
        4.3644418537456922        1.0340606751376651
        2.0894070593086358        5.9572342101333886
        3.0067802651056765        5.6747959638841481
        2.8082916357174619        4.1489862981691914
        3.5315154315200594        6.8575221887492379
        3.1760961075174805        4.1045370963934245
        3.4755864253456465        8.3867797710996825
        4.0464364708805611        5.7245947502698726
        2.1894873788175584        3.2057795937292148
        4.5739847262296482        2.8646478941345492
        1.7264986299676475        3.4111206163804217
        4.0178079578160908        3.4110444549922798
        2.5074201119762938        3.7332569692676225
        2.5411407540699043        4.1295122941727023
        3.6613187644138185        2.2529315894113990
        1.3927554873365673        4.8566810151346438
        3.1103413690991615        4.8039154872568135
        3.3628188845989735        5.8764107223583704
        2.2330692500627300        6.7380025956983101
        1.0301098407361733        9.5252400257677969
        0.6608916428645357        8.5487897106025628
        2.3081535484940319        3.0289216888624830
        1.8779163825414080        4.5272292506409153
        1.2989329325866634        6.5390293066989349
        4.0667555344505431        5.4263107210626691
        3.6592618647620512        2.7289476333214591
        2.8922809415652075        6.0290208077152538
        3.6725711846126501        5.9536290490967270
        1.5347768004664919        6.0450421832384862
        2.8424688921729957        7.1230024965784065
        3.1779817639666801        7.1067984661998533
        2.4059922920402004        2.6947674589150581
        3.1412534905007408        5.1277120584708369
        3.5232137477936325        2.5260640082337820
        1.7247178608916851        5.3244642354881329
        3.2495259218598473        7.1422776016448797
        2.2959140837793415        5.2092665709692998
        3.9080061224695242        3.4104190586713172
        3.3377218788921055        3.6578409139711634
        3.2477883118935802        4.8578311250032140
        4.9204813171659847        4.2751738279321048
        1.4666970465934839        9.1849122467225595
        2.6750108722966939        7.0293011230047187
        1.7914461951728733        5.1723968875946431
        2.1149702586824652        9.4516354866123855
        3.3871466858689629        3.2764429076219765
        1.7416089718949685        6.9672031146658222
        4.1307185361702352        7.5849098153465411
        1.8367101740526874        7.7248833407228954
        4.2129020197261386        2.3754847425521848
        2.7041742623054068        5.0777040222302299
        2.2223921850344643        4.3932092485536138
        1.3631142067248343        7.1696940223908214
        2.5027696325604474        5.7452942732753707
        1.9405058715477987        6.9864708818742702
        1.6292987649206012        5.5730202959569830
        1.7707401143814532        4.7747493360832713
        1.7054279440806035        6.0281584393126613
        2.2723080791266121        4.4558086527680834
        4.0469682973544057        5.3041184701478050
        1.9247720633349494        3.7745919448428689
        2.4911354466205191        3.6778839498533946
        3.9560016585757203        5.1154278460102933
        2.4452595228106704        7.6694361145110514
        3.3701455674353737        4.9685169235007258
        4.9380090097166658        2.6495296140056626
        3.3047346938376667        3.7359047767687592
        2.7043138687386592        5.7003446851257813
        3.5593902606801029        3.9302630562318548
        2.0661579278181907        5.8055829341213681
        3.4189477554289009        6.4530220882520632
        3.9019921585921322        3.6338402488469028
        1.5831756300107329        6.5197156687461693
        2.1824152005106736        5.2987909540952156
        3.3663893235481659        5.2661893436351397
        2.2742190901669783        7.3504223732419423
        3.7892022700327801        5.5472686661945438
        5.0387362621420868        4.3165931176992629
        2.5155457946655120        5.1741608420304601
        3.5919657087798740        2.8678900642635856
        3.5025220052765822        5.0524742470318165
        4.2375628858009549        5.4611064870810955
        2.7235016696859020        4.7798382942773916
        2.9960768053676592        3.5062309896108550
        3.1929397443031631        6.6827127321966397
        3.0629419828086548        5.8032631884703827
        2.1429246100617698        9.4349672375998779
        5.0251516488443819        3.1394532570324847
        2.7573216208128004        6.4569870233256328
        2.4303034239902206        6.6989412745981811
        4.1131998643094718        3.9252140509360922
        2.8424458288162970        5.5661317149567733
        2.7235958239703741        6.2458605273323702
        2.7556592583864821        3.5429733417392919
        3.6061945465886813        5.0477051331808438
        2.3134262756779478        5.4883653918247770
        2.3168580527350318        5.1150887512661098
        2.8836876011652857        4.0843837730060892
        3.4706879278975555        7.0352118673130537
        2.1621567634074248        6.6299913063968647
        2.1829463969361127        5.1735422730315426
        3.2989667870120152        5.9323294310279113
        4.0529716702345420        2.5036739566777149
        4.2413224425255152        3.2598574723105913
        3.3484883070557814        7.3695267259095747
        1.6568735994272163        4.2801764926901136
        4.8999840418638492        4.4636412407706478
        4.2199239949077931        3.6997256242360592
        3.8471612443475784        5.1213404434621692
        2.7967823406213115        5.6727181561792062
        3.7910851045940563        4.3890185421372401
        2.7919281159228433        2.2848422695688875
        2.2654433722946439        5.9705064739995128
        4.0692878942236712        3.7940674975915281
        3.8237325786262781        3.8494065823367376
        2.8670847104161177        6.0178474253876226
        3.3250323815905594        2.1387947022572420
        3.8510098382921205        3.2963558265618969
        5.0692309251020600        3.3028356803059933
        2.4674487902953430        5.0733346855453503
        4.3020936572161652        2.6662262612948622
        3.1771439846692857        4.1228036233137262
        2.1221943522927815        3.3237807005450772
        3.9325669573805602        3.5982114459429115
        3.2177418786701257        3.8412038360315837
        2.3239397992791586        3.3267973009407061
        2.9155115243970808        5.0316711420489000
        3.8560585618123970        4.2708936416330650
       -0.0297543267978631        7.4966543475888727
        3.0999982448114567        6.3748046793429509
        4.4795585827141924        3.7648568952714738
        2.6376384261547408        7.2734749669554120
        3.9584485157245517        3.8177370877476751
        1.5088711593485511        7.0563361842967129
        4.1409870134364422        2.4784306744205735
        3.7445768858487041        5.1678638177177634
        4.2941200571523126        4.3461283163091764
        1.3325264478016148        3.4060295366014817
        3.7046881743994291        3.3667376736668579
        2.6602163816178535        7.4477077652328409
        2.2668863368344154        4.3425525498690929
        3.5104184278013433        1.4483128174884845
        4.5270590598534559        2.0962347733364259
        1.4154060217767652        2.1830161525177076
        2.6792037800032080        6.6489128990599511
        3.7338679743361927        4.4715059318988537
        2.7092919358943459        4.7575896150529351
        2.4195340214754499        6.2900206945058565
        3.7053235119861627        2.9845921921224483
        3.4171772201137647        4.1328027939755474
        2.5254278871023406        2.4139462312393274
        3.0408253842967650        3.0775090016098217
        2.8546009552501475        5.0664977431042644
        3.9094156269935065        5.3077024677696318
        2.8278516520307782        4.2854290166854589
        4.0854900706217689        5.1758459923691484
        2.0614838196937582        4.7770217290814667
        3.7583661083686377        2.9626135600610723
        4.4739893584134158        3.0711358282668959
        3.6563203652638947        4.7473551428446132
        2.7731246974661303        5.9624905031688735
        4.0614857872487065        3.6532032210609695
        3.3217097466552628        3.6876353592968991
        1.1089899320998384        5.2564282042773787
        4.3382065059557551        3.3857159342901881
        2.3987825699526155        3.5224138180889586
        3.8046110474921857        3.2100698422474778
        2.6431104027433761        5.1726736325220317
        2.4618238940316042        3.6514918952050470
        4.0298378449379637        4.0096518410725128
        3.5981844620601193        3.1325436388594303
        3.2354401818000325        5.8746432987379338
        3.9550197523931461        3.0228831068788287
        3.4401973556598682        4.9108640942485238
        1.8782287164211475        3.9297797328365234
        1.2344668904213327        5.8385919217943858
        1.2595180133719523        6.8849691510232862
        2.0037204585119932        3.3490876979174766
        3.6776413349393313        3.3334704064511556
        1.0671180643368363        6.1048634646534552
        3.2676325451584742        2.3639747807259126
        1.2518008437903891        8.9326373101815157
        1.4125221269812880        5.7970429526943921
        3.2762214297316823        4.1396848407626790
        3.9429872335212552        4.3930247538286515
        3.6375703527084990        6.7875557313232520
        2.5377404268412898        4.8730684264073210
        2.0026792740307684        3.7035035991970062
        3.4665229580060908        5.3078470613677577
        2.6203508328727620        6.3999395724153025
        3.3833942829436126        6.0168456811364379
        3.0737116274177776        5.9629929939019917
        2.3146853755974499        4.2770419450363422
        3.5681523753367230        0.4954986834829249
        1.8384766682167639        9.4255411803462774
        5.5532510312669672        3.4813067543146081
        4.4260089485130507        2.0678865520920553
        2.6144907450540731        3.6264347372301593
        3.2796658586488134        6.1079676706535126
        2.7643514899607671        5.1368368159299225
        2.4396157755219554        5.8998734940031650
        2.6399814405977224        2.9070955060704087
        2.1934815920213397        5.3996497515663204
        2.7962095831831149        5.8863697772851484
        4.4098704021297142        3.7618782677781035
        2.8789579343360110        5.2702358228195205
        2.9767718933697496        5.3424165991695842
        1.8057994178224779        4.5272636324899995
        2.4455567622767060        5.7837058762976321
        4.6180478938520420        2.1792280159597879
        2.7326853178312867        5.1486823259261927
        3.8284887218500465        5.6696743440091861
        4.2117005854477112        6.1894249497916984
        4.2825421332050722        4.9987828334358468
        3.1237878147232219        5.2665125904486150
        2.9120718245887254        6.6405201746848599
        1.5702290465349338        7.0685930004559410
        2.9056841831439151        6.7891672781484269
        4.3056444068095212        3.1498489942712364
        1.5594633699761484        6.2734760892712682
        4.0312669596261577        2.5358044953096841
        1.9204100611270232        6.0221741629345136
        3.3968262417968180        3.3455102341381111
        3.7654543306640820        5.5816301708303957
        3.4348285238357139        2.3006777747977050
        2.3808300862360108        4.3606320598617190
        1.0795592087780410        5.2306894784810192
        5.4170780581263998        6.0745660665889911
        4.4513249054376480        4.0494048053446612
        2.4671027497191256        4.6294327400859316
        2.4068904716908568        3.3973042793924062
        1.8708880014583873        5.4923100313742070
        3.3766724575542417        3.8617389801062929
        4.3122622326190783        4.4119588196659194
        2.7725662108760876        7.4629103275814366
        1.8705831535911324        4.3877037112041295
        4.4516808303141904        2.7582650395526689
        4.6416499461087088        4.0552247851799432
        4.6336269525352325        5.3130950770321927
        4.5459693799483523        3.8831685603460340
        3.0009122896894938        5.3224142375350194
        4.5075265095653103        5.6983369147450116
        2.4663134952720629        5.0924045110247995
        3.6075956686835653        4.5513386628332917
        2.1354027551583457        3.0985715040842288
        5.5452486307010496        4.3166046337717896
        2.9865857951964934        4.7096164666742295
        3.5196665422705644        2.8813727679437942
        2.6037920467760216        5.7606985814828393
        3.8496669342060268        5.7177524230804906
        4.7585419491221250        1.6066360126115162
        2.9168244872711098        5.4427049570726362
        2.3758810263702195        6.5100772254752908
        5.6525296840354109        2.9968632525674841
        5.4120350999424574        5.2528983305279473
        3.5706836311614261        4.4975514227220934
        1.4241629572243872        3.7547092594985374
        1.9585424814128420        5.8717895795455028
        2.6462338072708813        5.3809587934688263
        2.3859886481194534        6.9283587635285686
        4.1887160779259700        5.0576733224932386
        3.2236080067882651        5.5912930595849755
        4.1002361452757219        4.5596354927146150
        3.2779892535542148        4.8842886692221477
        3.5502362669901704        5.1211399621593126
        5.3712870558528572        4.5230250416153011
        1.9370663119154450        7.7344139258800606
        3.3383918916757467        5.0391799766928029
        3.0084849786369205        4.4554927573211396
        1.5820465693041359        3.4561827950787256
        2.2309436539531942        5.8017513036945418
        3.1648260751732549        3.5610288876873906
        1.1937312070739532        8.3655238123119915
        2.1233589460057889        9.0025105293405154
        2.4453757841639461        5.5892334346846670
        3.2385773427564097        4.9424229596573612
        2.8621239799746512        5.1847949137915021
        3.5391136408169919        4.5925358119097694
        2.6380369949119942        5.1762709553558190
        4.3156621271262381        1.8584273470529951
        3.0397263594427781        5.4571925429797066
        3.3381466643090256        3.2962194234643167
        3.6197715675578088        6.5026364072070990
        1.7531206182318417        5.8166813866212888
        1.4382681296491289        5.5408896747208862
        2.0990809956544321        4.9778249046884362
        4.6438864036651628        3.5922071365867261
        2.7010906258466050        5.8975205629323382
        3.0118225337286679        6.0168862729302219
        2.5937929778737350        7.2504856806830631
        2.7842676384415999        8.6665738369776903
        2.4456854811397379        6.3649281877326196
        1.3542231092676404        5.1116491146011134
        2.5845440100197505        8.1627295579385510
        3.0295102285883675        9.6289093629217852
        2.2012582112512811        5.1178522530816251
        3.6382080466688036        4.5686068732252769
        3.1770940255923596        6.5398112448819194
        2.1689571428869656        6.1121295484770464
        0.7074635776956257        7.5756970204874037
        4.5453929691460360        3.8648046532976328
        2.9577512429391315        4.2051947482991894
        3.7532079743602456        1.6562489794145971
        2.4114118734587779        6.4671567403877637
        1.8558374233645190        3.3214506384703828
        1.4965028977312715        4.6042097628454641
        2.7876280765069126        5.6432676013887590
        3.1691926415693037        4.3138710386651944
        3.8262987498094798        4.6588031595961219
        4.5870228886435838        2.9067403727683048
        2.4517551787113598        3.9316457496442263
        3.1675591731249302        4.9775187832592973
        2.9512859003403498        5.2669078721864775
        1.6805462982704609        7.1988914290690564
        3.0811568233856903        6.1083264516103686
        3.6026531495580718        5.8796731827145718
        3.8376968239328240        3.6105671818414651
        3.6898237371234739        5.2860671218096016
        3.8895680383138092        4.7923920145058192
        2.7151161491331330        7.9432339136217003
        3.9592764028840515        6.5235999238282592
        2.3043466635501013        5.1035480175047025
        3.4405961201830753        4.3668765725868859
        2.2883135433738939        6.6473839059655813
        1.9142657869744808        6.8788346744008466
        2.9728566510298577        6.1442651437186377
        1.3821147982230628        3.7310446138630375
        2.0010271067244823        5.6216462295493406
        3.3238496110900497        3.1935150231508520
        1.7622141973940433        7.1850863093828146
        3.6026143441106186        4.2651907735643828
        4.8089979822206299        2.4985663298941567
        4.7063293185626485        1.9146567109386501
        3.5442149847430433        2.9430297805944656
        3.0048227101878164        3.3640810248668980
        1.6360028734237453        6.2329329370385702
        3.3288973750227737        5.4835731492180004
        4.1641914031188385        3.3598979145382653
        3.5371815302151561        3.7296213115153094
        4.0582137962219100        5.4578859806843472
        2.3888129235151982        5.1931779578548243
        3.4800063657110871        3.9358667907299072
        1.5613536032481035        4.0508367153907976
        1.8176066354754408        3.3321097333980809
        3.3194017641543194        5.8848160151679947
        2.4009216508150821        5.1768156993369727
        3.1613587128555172        5.8014203343527990
        3.3757845705154876        6.8975789084376764
        3.7073767616328190        4.3845217553898825
        2.3644404870704907        1.8789378660052463
        2.2181620667172854        7.6167964531932064
        1.8833582262226458        6.1609157217774895
        2.7234172315185776        6.8366545728647141
        3.6877593825290917        4.9541380435972870
        2.0507929899753177        3.9097225540318785
        3.8037950098399960        5.8406528660390826
        5.1903986723358368        2.4614182966480405
        2.8543999672295843        5.1471490947792269
        0.2868904450506022        4.0466301055283189
        2.6727085405818247        5.1400673790523586
        5.2809590938412478        2.5992474617284560
        4.6620677902777556        2.6955137977749173
        4.2531521533666945        4.5303305917463197
        2.9745897472107394        7.3989287476511842
        3.6767718560816456        5.4530608855235592
        2.9568178469536983        3.0914990133250622
        2.7300303425674395        5.0893000885671098
        2.4537602942487018        7.1988540882918883
        3.7192091087694212        4.8608531132468658
        3.5528229201565269        4.8000514413606608
        2.2406372053175474        4.0487450571587678
        2.3471138452486642        6.3869835182688428
        2.5619419438051283        7.4617700498068071
        1.3959566800523231        8.3202897946080370
        3.5325344686882429        3.5360663822092624
        2.4718685422835089        4.7771838200787524
        3.4300133887694466        5.3059000855851295
        0.7656336158392163        5.5412534696201110
        0.8410100053319032        6.8669059292704882
        2.6353556433948637        4.7920086919203904
        3.0407448086153477        5.5670556538208409
        3.4250970066304194        3.0897952748609141
        2.7365594628709933        6.7622724732338391
        3.5884965751432047        2.2443851713714569
        3.4091280286119900        1.4760197478378121
        2.8262596633876083        3.4920330190111377
        2.5521935604122539        7.0558336256591794
        2.3400358326814321        6.5741269432252505
        2.4123414206353457        6.4456696304784460
        2.9487761342942251        1.3161049451829165
        2.3175344836363205        5.0261950222476610
        3.4238528727494733        3.4002167356039830
        2.8330696486798534        6.8820560448275341
        3.9507655581053269        2.2972251404797692
        2.7557725501221966        1.5689343453179281
        3.1238023875224479        6.7356363627411344
        4.2685761188835798        4.0940983229985450
        1.6820521657234773        5.5762388825437341
        2.6806029463124008        6.1262236008597384
        4.2865148001763611        3.9388699836233938
        3.6563301972331526        4.3703838405719777
        2.0310424705071943        6.0597754242730684
        4.8613662757652492        4.3139330573989829
        2.2311126685218992        3.6607436548065144
        3.3913575041539188        1.1675874053952793
        3.2629967548380945        3.9889488790073382
        4.0788780368558237        5.7125427868156127
        4.4480759876412677        2.5416564608541994
        3.6654053955556760        2.8488723408617109
        2.4663384985530206        5.7020400582728339
        1.7554111076281973        5.8184105528090360
        3.5323469965237635        3.8934864746021707
        4.4924589824864531        4.2854841764211757
        2.2616843612575011        7.2649268250542853
        2.7666199752960052        3.3107221402403164
        3.6843425218219359        1.5238813968367535
        3.7707106359284492        1.6460096316850925
        1.3064303145921052        5.5977254289575926
        2.4512819562544137        0.9764855547914744
        3.4681590569977985        5.1409119399338428
        3.3497391318383412        6.8496560883134041
        3.8219135943163929        5.0496466437868150
        3.8548720655706084        3.8833335629512482
        2.1792473713740614        6.9404893217851482
        1.9214152962979902        7.0005355449097983
        2.2709864839517468        9.0211645932708873
        1.8348748480920389        8.5304699368511177
        2.5087001436596204        7.7330538554812129
        3.6594191004195098        2.4541302260375621
        3.0627669121949723        3.2713535237516682
        2.2759402208520423        5.2572701753170366
        2.1544113277183117        3.2147755901672328
        2.1668163326256189        4.1341977882922984
        3.5401492680933426        5.2120622595460855
        3.6133302124385902        4.0865966397497555
        3.3373010625482546        5.3448435886211421
        1.2559902198488975        6.7326054089014598
        2.0912254971944249        4.2070150692774124
        2.9032610367480043        5.3760761210053110
        3.7345910782087968        4.0200671061872955
        4.8833805084058337        4.0128810016657548
        4.2429118986769891        2.5829780077374962
        4.7328965254583011        1.6175781194811938
        5.8271999320207186       -0.1950249293071948
        5.1196517827346959        3.9211437925552319
        2.5183067352589510        6.0982265976049890
        2.7399315892643723        3.5748522991799718
        3.3916893047186907        6.3995313974098114
        2.4062737564325287        8.7068492320720914
        3.5065592166289465        6.1399449593284370
        2.6384449661804341        6.1726550549000994
        4.8395382709239883        4.8229763436298931
        3.8428611339625598        7.4173067458936375
        2.8079509294674354        6.1121782442374215
        4.0490294455426774        5.2169239340238738
        3.6356319118578555        4.6430870944874165
        2.8352117047387830        5.3382151857883979
        3.0325014619281054        4.3597892777854614
        2.3687521965590146        3.0117443663270924
        3.0389062312513899        9.4685515084725047
        2.5942937288634473        7.9186513292919765
        3.4256646759854505        2.8982600648791830
        3.7327926717307340        6.8380810219562118
        3.4612512207756043        4.4963040275295825
        3.7507350967351583        5.7195179914235847
        2.9584724563712737        4.9300163138458934
        2.3075801353885268        3.3256472150741083
        2.7195729309402172        4.6531212035793423
        2.3408887415407458        5.5004672810912592
        1.5767497566692366        6.6921780774485846
        1.1807509997169026        6.0580050340652658
        1.5080617645689787        5.7913023789582976
        2.5966627527768265        7.8984468753555452
        4.4761973442409477        2.3973182918467604
        0.8353393499881898        6.8732223891723088
        2.4773828186173703        6.2517110177009245
        1.5793579725502180        6.4720247917093561
        2.0720820811543401        4.5132645634696154
        2.6262888292982445        6.1347445541433787
        3.7495297174988012        4.3206613348883200
        4.6512845142502854        5.6707257862121248
        4.1836242194128328        4.2019462317095631
        3.7284196183205851        2.9259079834450246
        1.3038154102012918        7.9506143774773621
        1.9855975023219898        3.6461573663649034
        2.1169390092652480        6.3745919840251641
        3.2507366570257030        2.5701087721806202
        3.3013852757890518        5.2079228686112584
        2.6190346466249497        5.0527058741732800
        1.6084152187893650        6.6723166170568255
        1.5270914600877472        6.8054850339397710
        1.5830731153895699        4.7940856258066109
        4.4909120162735521        1.1266829282433806
        3.0181466579458966        6.5826415600347987
        1.3333842807065557        8.8422990321837478
        2.2422552092104588        4.9876113073818997
        0.6451646501090207        6.6952048983982246
        2.6563830134002560        4.6866754031619751
        2.6502170911522622        5.9344913333373537
        2.6708710708116765        2.5696867792856959
        3.2816054548852747        4.3102261854222670
        3.2738782224901515        7.9789278581513230
        2.4707753955328999        5.0334487460746837
        3.7037639647308391        4.9450088451791947
        4.0116510013877287        8.3006549495684574
        3.2080995767117892        3.6371492040306710
        3.1376212062326778        6.1445465590417605
        4.6951962647214440        4.5513438854213977
        3.3446405710837239        4.8233402974939814
        2.4007043042941123        6.3032556429277093
        3.2693719255681613        4.6133982516308230
        3.7812201024571870        6.6657366089929209
        3.4390701849885810        4.0936051748946625
        3.0566050992445954        5.1139725371452096
        3.1315595434621222        4.0727505214000734
        1.6669949119353360        3.8113533843644314
        5.0591378156072304        2.8798049895534561
        5.2236697198772450        2.0926856193049725
        2.5567591303915016        6.7036445206881918
        1.3049795791166059        8.4778611901467968
        3.1097766432553140        3.2730127896101084
        4.0063670924502146        5.1917554719250489
        2.6291728859581514        5.3864362551608238
        1.7177852255817545        5.3676459821299858
        0.5359642236056326        5.5004411607323034
        2.4524867289418393        4.9353885776974291
        1.5285746632367325        6.9499327884515196
        2.4986841424799975        7.5519097007309313
        4.1728094623261915        4.4620487302511558
        2.3982752608048288        5.8946642081845448
        2.5345722051263073        5.6709782965705626
        2.7643221451372795        8.0148079983911913
        4.0237939837269439        4.6884305066142629
        2.7684831188120196        5.9269369563932601
        3.6767474129377957        4.9154145111526066
        1.7414645936424953        5.3718487375518427
        1.6897605820598374        7.1603783023236103
        1.6352287638971894        4.3434743401372105
        2.2599342304379020        5.8260171940392329
        3.7911569978552926        5.2987111771178554
        4.3841563147011815        3.8184202496476747
        2.7334397725715913        3.7891107053605069
        1.4629921148674541        6.2882852138770478
        3.4478306911218359        8.5035602331904236
        2.8360526848177003        8.0118572157059447
        2.3171713115068613        9.5656146099241628
        2.6789722647065273        3.8517757734313536
        1.8076826743437486        4.3715558574445827
        3.3286152408765624        6.9644666041791137
        2.8344998582181811        6.7782052937722881
        3.6256655070439665        3.7668440187779919
        2.5607582291904745        5.7121287779303067
        4.6135773929514574        3.9772689635521941
        1.5021801456780266        7.5489093386889072
        3.8986831147827727        4.4307337009733292
        3.1189809577914187        4.1535882641661264
        2.6984571441412508        6.5027773324578959
        1.3184662702812480        4.2225100214606606
        3.0483914244245076        6.9036415123105890
        2.2198414451071864        7.2474695471634005
        3.4410014137350551        4.6695299613649928
        2.5177563971035428        2.4240304094978362
        2.5375382380452871        4.0354369292809320
        2.5050880480807591        4.3113608000836585
        2.6341566217888515        6.1896914051548979
        3.0783743278557205        5.5435568184126076
        2.7733655958971442        7.4054833390914601
        2.8528739702397470        8.4154074577014342
        2.6566705755361522        6.1614511436331121
        3.4514075424195578        9.1307299796521253
        5.1568785347731154        5.8696506468819099
        1.7671240951336598        7.5692762256472257
        1.6283531187330016        4.6741677277910867
        2.7575236467056881        7.1240865045347634
        3.6891536873689352        3.8117897417769093
        2.4977220022812272        7.5719690190639941
        2.6362648521688072        6.8747501250857468
        0.7490355634383614        4.9298563355279068
        1.7708890174200846        8.7427209671233719
        3.1313797578148326        5.3830626492200775
        4.0091616019452028        7.3741029988070990
        2.8784318963286748        5.9470777976196798
        1.8800859733521171        7.1161860508836234
        4.3418609727959705        2.6911256530937280
        3.3882067171790804        3.9054257494386788
        3.3075857533659865        5.8468735558413192
        2.3586163332703847        2.9118792634727617
        2.2279514185942739        6.1608546705263318
        2.7441540614251436        6.5917878151239870
        2.2709754334966634        7.5849068352912603
        2.5734263544170157        2.8704412617342006
        2.7171565004068090        6.2495329467099232
        2.5680556612455328        5.0687890792078250
        2.6806701854005017        7.0024458329400368
        2.7320391390752730        9.3545407278382022
        2.6717836792476142        6.0146047839514836
        2.5495851728163008        4.0874782745617484
        1.7808198844376910        4.7017478830197099
        2.5510636509704425        5.5765599528463969
        2.0880321805800155        6.1317358975288379
        3.0894062398685911        3.7904091297066649
        2.0674547982399769        6.7587929448156867
        2.4426506953147813        7.1889340103270047
        4.9404411163653066        4.7587193608519991
        2.9281445314673800        7.2590798170697592
        2.3126547981140138        5.0986311207193635
        3.6223034097636035        4.0282874749703392
        5.2106150274940966        1.4065465488111997
        2.9524840480621952        5.3071907566118828
        3.6513648619634349        1.3041400381420334
        3.1158257983578066        4.7081314874068436
        3.5201040653000413        6.4890926429103404
        3.8144796281264464        5.5425985998323890
        2.7311258268811867        3.4204002232918445
        4.4047448213252416        1.8139247824978817
        3.6455200677857293        4.1313274143217384
        5.9347963261553396        1.8541815807490956
        2.4476237690374814        7.3144616909585576
        3.5021568602864073        4.4668354362837901
        2.8967254740301698        6.6992916718065159
        3.2783126972518657        6.7632554324657459
        2.1204423140293178        6.8402230162793396
        2.7598619901678680        4.3137069662832968
        3.6105952149637299        5.4591307341319224
        4.1931001283024223        4.3200262531175229
        3.3917397559603542        5.9461741193301068
        3.9835730893377086        3.1729881809281255
        1.8057513371636229        7.4007592784446183
        2.8947756432275060        3.5737216890496981
        3.8119808738143059        7.7011122735350517
        3.8475915358068398        5.7297780983419067
        2.1931812399720174        8.0528496491554975
        2.9161471039500340        6.6964188564684690
        2.8455312896144851        4.1048580431400641
        2.4304028525931742        2.0508901286006149
        4.3927241987105026        3.3609319632148384
        2.5768824841082076        7.0859420617440847
        3.1466510234963101        7.1632397345274494
        1.8634907246006187        7.2522364074269898
        3.3444658900894382        3.1819682633332502
        3.3151827352238232        2.3746988497500561
        3.3934376990159638        3.3154580862815126
        3.4464219932856590        5.3869554792793348
        2.9442898609134671        5.9112158198267020
        1.2728526192663112        3.7310749785392883
        2.7539080608429587        9.1087320060244465
        4.0643480646307850        3.1608716116435023
        2.8251630756090957        6.9363228916148758
        3.1905759607756212        6.0059636530654528
        4.0099971571868629        4.5497814201032289
        2.6806066441974412        7.9216748847629432
        3.5289455825027209        3.1820541019378221
        1.7960556004780812        4.5054304243328627
        2.6987887962890871        5.4212022171057574
        3.2072398039564418        4.7230785056641871
        3.8505592585375630        4.8082587739203424
        3.3171620349154929        6.8645206169344064
        3.0614980248724684        4.7893269988197940
        4.5659349758802961        4.1671705311914913
        1.7285796262075059        4.4558198497264465
        3.1331107704646191        2.6523797261960498
        3.6718945395546463        3.4595268422130672
        4.1087476698496506        3.9197275966334972
        2.3982202534556256        6.1122901054188850
        2.2332256851913153        6.1366147934223214
        3.3524819714616547        2.7626106135052466
        3.3016276923938106        5.3684379567679228
        2.8024073247540149        3.3558970152068115
        2.5293080270864547        5.2700818793130306
        3.7503530929082114        5.5902748421806718
        2.0459838596808675        8.9863214268290754
        4.5189970761133420        3.6025066426804808
        1.9800408427720020        4.7085606006617802
        4.1798654129912789        2.1360089915410971
        1.5175648578870813        8.9081164183489676
        4.0097045637153279        2.2156300843432426
        1.7969933720560143        9.0608350858510942
        1.5743203494665294        6.4037283033983545
        3.7634954376052989        3.3683717224699512
        1.5759886246656469        4.8623320653336330
        3.7370273545625161        4.2958243031263512
        1.4455361503304434        6.7134637511258948
        2.9667452621122918        6.0734552101367694
        1.1698938339140315        6.7621587287671101
        3.0560916064473682        4.5153143077891293
        3.5955384425376335        3.9112190142401864
        4.3938404807355589        5.3960230143674357
        2.4701187371979252        5.1436130171659489
        2.4439784193248824        3.9812398378956284
        1.1517899278061599        5.0523159773511086
        3.3574452521732741        3.5382849566296461
        3.0509195876795281        4.8332376650678555
        1.4175152748435371        7.9162806483436023
        4.3388774515355095        5.5715863403388264
        2.2330086885166089        4.9472132162950739
        4.4957876118067901        4.4326861259204540
        1.0432729567035104        8.9518623292122399
        2.6022304909572562        6.7861026047814708
        3.3094588989338063        5.1459469556663322
        4.1030735781162395        3.8392303767107743
        1.9599029898298244        5.4956221414886004
        3.1596531732235551        3.4640905931615240
        2.2597456559524218        6.9543466597446795
        3.4286053785909258        6.2657806323448018
        3.7447544215059398        3.1290666854891676
        1.7450503230886123        5.2532415798740688
        2.9595095860753706        3.9738976998757183
        4.6714566973410960        4.0714044321572871
        4.9564724743071347        5.0483357485705156
        2.9182823821354411        4.3072932923017975
        3.3185184046283740        7.1764911483823308
        4.1715395701119666        4.2134883026370726
        3.5082386440077267        2.9296524127955568
        3.3700998265021900        4.5722886900821482
        3.9149917752688035        5.6828470684632153
        3.7880019237832983        5.3280533512142618
        4.2059551255466410        2.8936984029691626
        2.7091460032210963        4.4380745822363208
        4.1510682757441932        7.7093135289562360
        2.7322677079876345        7.7434543274277079
        2.7093116894552423        5.1975297400155247
        3.2427064495994586        5.6097007426871732
        5.0014947258708524        1.4074791097087074
        2.3487610974299424        4.6631015370148550
        4.0104140707919811        4.6853911917565174
        3.7380846417077684        4.6466228018344786
        2.7658802169557086        7.2988505039931084
        3.8848242750964217        0.6101544885630359
        4.0102074620461483        6.2601982535811107
        2.5691463717687615        5.4022195011961935
        3.8994374331778836        5.1969647631990403
        2.7097705013370912        3.8003549724727388
        3.7395190335920683        4.3890907530605228
        3.5320293958551701        3.1828835231416277
        2.6348438310609321        4.5971383984218850
        3.5031828232193227        5.5033575316080547
        1.1587453486706598        6.9019080286761092
        3.1794644454215066        4.5420768776054370
        4.0765584700698394        1.6213843560536318
        2.2923167229418038        8.8957645048955527
        3.0782231203449264        4.4776482429207975
        4.9013230276213626        1.6760547671853487
        2.9648031747267232        6.1513240151167619
        2.2980250690610702        3.8621895969052114
        3.7267526295254800        3.7590416806168565
        3.8779571967041253        4.4781938482549206
        3.1896201153557424        4.9170253569438440
        2.3996374844432360        4.6312933028069114
